10 5
1 1
    1              10               4               0
    2              10               3               0
    3              10               2               0
    4              10               1               0
    5              10               5               0
    6              10               0               0
    7               9               4               0
    8               9               3               0
    9               9               2               0
   10               9               1               0
   11               9               5               0
   12               9               0               0
   13               8               4               0
   14               8               3               0
   15               8               2               0
   16               8               1               0
   17               8               5               0
   18               8               0               0
   19               7               4               0
   20               7               3               0
   21               7               2               0
   22               7               1               0
   23               7               5               0
   24               7               0               0
   25               6               4               0
   26               6               3               0
   27               6               2               0
   28               6               1               0
   29               6               5               0
   30               6               0               0
   31               5               4               0
   32               5               3               0
   33               5               2               0
   34               5               1               0
   35               1               5               0
   36               2               5               0
   37               3               5               0
   38               4               5               0
   39               5               5               0
   40               5               0               0
   41               0               5               0
   42               4               4               0
   43               3               4               0
   44               2               4               0
   45               1               4               0
   46               4               3               0
   47               4               2               0
   48               4               1               0
   49               0               4               0
   50               4               0               0
   51               3               3               0
   52               2               3               0
   53               1               3               0
   54               3               2               0
   55               3               1               0
   56               0               3               0
   57               3               0               0
   58               2               2               0
   59               1               2               0
   60               2               1               0
   61               0               2               0
   62               2               0               0
   63               1               1               0
   64               0               1               0
   65               1               0               0
   66               0               0               0
1 65 63 64 66
2 62 60 63 65
3 57 55 60 62
4 50 48 55 57
5 40 34 48 50
6 30 28 34 40
7 24 22 28 30
8 18 16 22 24
9 12 10 16 18
10 6 4 10 12
11 63 59 61 64
12 60 58 59 63
13 55 54 58 60
14 48 47 54 55
15 34 33 47 48
16 28 27 33 34
17 22 21 27 28
18 16 15 21 22
19 10 9 15 16
20 4 3 9 10
21 59 53 56 61
22 58 52 53 59
23 54 51 52 58
24 47 46 51 54
25 33 32 46 47
26 27 26 32 33
27 21 20 26 27
28 15 14 20 21
29 9 8 14 15
30 3 2 8 9
31 53 45 49 56
32 52 44 45 53
33 51 43 44 52
34 46 42 43 51
35 32 31 42 46
36 26 25 31 32
37 20 19 25 26
38 14 13 19 20
39 8 7 13 14
40 2 1 7 8
41 45 35 41 49
42 44 36 35 45
43 43 37 36 44
44 42 38 37 43
45 31 39 38 42
46 25 29 39 31
47 19 23 29 25
48 13 17 23 19
49 7 11 17 13
50 1 5 11 7							   !Element node connectivity	
1000,0.333,1.0,0,30,0,0					   !E, Nu, Mass, BulkMod Water, Phi, Psi, Cohesion
999,999,999								   !3 Dummy values 
31.5,1.6,2.3E6,0.3,0.391,0.688,0.791	   !Phic, Pt, hs, n, e_d0, e_c0 e_i0
0.13,1.0,4.4,2.2,1E-4,0.2,6,0.497 		   !alpha, beta, m_r, m_t, R_max, beta_r, chi, e_0
0.0E7									   !bulkmod of water
0.0,-10.0									   !Gravity load
100000,0.0001					  		   !No. of steps, time increment in each step